-7.3975e-01 
-2.0264e-01 
4.1016e-01 
8.6914e-01 
9.9365e-01 
7.4219e-01 
2.0508e-01 
-4.0771e-01 
-8.6670e-01 
-9.9121e-01 
-7.3975e-01 
-2.0508e-01 
4.1016e-01 
8.7158e-01 
9.9609e-01 
7.4219e-01 
2.0508e-01 
-4.1016e-01 
-8.6426e-01 
-9.9609e-01 
-7.3975e-01 
-2.0508e-01 
4.1016e-01 
8.6914e-01 
9.9609e-01 
7.4219e-01 
2.0508e-01 
-4.1016e-01 
-8.7158e-01 
-9.9365e-01 
-7.3975e-01 
-2.0264e-01 
4.1260e-01 
8.6914e-01 
9.9609e-01 
7.4463e-01 
2.0508e-01 
-4.0771e-01 
-8.6670e-01 
-9.9365e-01 
-7.3730e-01 
-2.0508e-01 
4.1016e-01 
8.6914e-01 
9.9609e-01 
7.3975e-01 
2.0264e-01 
-4.1016e-01 
-8.6670e-01 
-9.9121e-01 
-7.4219e-01 
-2.0508e-01 
4.1016e-01 
8.7158e-01 
9.9365e-01 
7.4219e-01 
2.0264e-01 
-4.1016e-01 
-8.6914e-01 
-9.9365e-01 
-7.3730e-01 
-2.0264e-01 
4.1016e-01 
8.7158e-01 
9.9365e-01 
7.4219e-01 
2.0020e-01 
-4.1260e-01 
-8.6914e-01 
-9.9121e-01 
-7.3975e-01 
-2.0264e-01 
4.1016e-01 
8.7158e-01 
9.9365e-01 
7.4219e-01 
2.0264e-01 
-4.1016e-01 
-8.6914e-01 
-9.9365e-01 
-7.3730e-01 
-2.0264e-01 
4.1016e-01 
8.7158e-01 
9.9609e-01 
7.3975e-01 
2.0264e-01 
-4.1016e-01 
-8.6914e-01 
-9.9365e-01 
-7.3975e-01 
-2.0264e-01 
4.1016e-01 
8.7158e-01 
9.9609e-01 
7.3975e-01 
2.0264e-01 
-4.1016e-01 
-8.6914e-01 
-9.9609e-01 
-7.3730e-01 
-2.0264e-01 
4.1016e-01 
8.7402e-01 
9.9609e-01 
7.4219e-01 
2.0264e-01 
-4.1260e-01 
-8.6914e-01 
-9.9121e-01 
-7.3975e-01 
-2.0264e-01 
4.1260e-01 
8.7158e-01 
9.9609e-01 
7.4219e-01 
2.0264e-01 
-4.1260e-01 
-8.6670e-01 
-9.9121e-01 
-7.3975e-01 
-2.0020e-01 
4.1260e-01 
8.6914e-01 
9.9609e-01 
7.4219e-01 
2.0264e-01 
-4.1260e-01 
-8.6914e-01 
-9.9365e-01 
-7.3730e-01 
-2.0020e-01 
4.1260e-01 
8.7158e-01 
9.9365e-01 
7.4219e-01 
2.0020e-01 
-4.1260e-01 
-8.6914e-01 
-9.9365e-01 
-7.3975e-01 
-2.0020e-01 
4.1260e-01 
8.7402e-01 
9.9365e-01 
7.4219e-01 
2.0020e-01 
-4.1260e-01 
-8.6914e-01 
-9.9121e-01 
-7.3730e-01 
-2.0264e-01 
4.1504e-01 
8.7158e-01 
9.9609e-01 
7.3975e-01 
2.0264e-01 
-4.1260e-01 
-8.6670e-01 
-9.9365e-01 
-7.3730e-01 
-2.0020e-01 
4.1260e-01 
8.7158e-01 
9.9365e-01 
7.4219e-01 
2.0020e-01 
-4.1260e-01 
-8.6914e-01 
-9.9121e-01 
-7.3730e-01 
-2.0264e-01 
4.1260e-01 
8.7158e-01 
9.9609e-01 
7.3975e-01 
2.0264e-01 
-4.1260e-01 
-8.6670e-01 
-9.9365e-01 
-7.3975e-01 
-2.0020e-01 
4.1260e-01 
8.7158e-01 
9.9365e-01 
7.4219e-01 
2.0264e-01 
-4.1016e-01 
-8.6914e-01 
-9.9365e-01 
-7.3975e-01 
-2.0020e-01 
4.1504e-01 
8.7158e-01 
9.9365e-01 
7.3975e-01 
2.0020e-01 
-4.1260e-01 
-8.6670e-01 
-9.9365e-01 
-7.3486e-01 
-2.0020e-01 
4.1260e-01 
8.7158e-01 
9.9365e-01 
7.3730e-01 
2.0020e-01 
-4.1504e-01 
-8.6914e-01 
-9.9365e-01 
-7.3975e-01 
-2.0020e-01 
4.1504e-01 
8.7402e-01 
9.9365e-01 
7.3975e-01 
2.0020e-01 
-4.1260e-01 
-8.6914e-01 
-9.9609e-01 
-7.3486e-01 
-2.0020e-01 
4.1504e-01 
8.7402e-01 
9.9365e-01 
7.3730e-01 
2.0020e-01 
-4.1504e-01 
-8.6670e-01 
-9.9121e-01 
-7.3730e-01 
-2.0020e-01 
4.1748e-01 
8.7158e-01 
9.9365e-01 
7.3730e-01 
2.0020e-01 
-4.1504e-01 
-8.6914e-01 
-9.9365e-01 
-7.3730e-01 
-2.0020e-01 
4.1504e-01 
8.7402e-01 
9.9609e-01 
7.3486e-01 
1.9775e-01 
-4.1016e-01 
-8.7158e-01 
-9.9365e-01 
-7.3975e-01 
-2.0020e-01 
4.1504e-01 
8.7402e-01 
9.9609e-01 
7.3975e-01 
