3.7109e-01 
3.7598e-01 
3.7354e-01 
3.6865e-01 
3.7354e-01 
3.7354e-01 
3.6865e-01 
3.7354e-01 
3.7109e-01 
3.7109e-01 
3.7109e-01 
3.7109e-01 
3.7354e-01 
3.7109e-01 
3.7109e-01 
3.7354e-01 
3.7109e-01 
3.7109e-01 
3.7109e-01 
3.7354e-01 
3.7109e-01 
3.7109e-01 
3.7109e-01 
3.7109e-01 
3.6865e-01 
3.7109e-01 
3.7109e-01 
3.7354e-01 
3.7109e-01 
3.7354e-01 
3.7109e-01 
3.7109e-01 
3.6865e-01 
3.7354e-01 
3.6865e-01 
3.7109e-01 
3.7354e-01 
3.7109e-01 
3.7109e-01 
3.7354e-01 
3.7109e-01 
3.7109e-01 
3.7109e-01 
3.7109e-01 
3.7109e-01 
3.7109e-01 
3.7109e-01 
3.7109e-01 
3.7354e-01 
3.7109e-01 
3.7109e-01 
3.7109e-01 
3.7109e-01 
3.7109e-01 
3.7109e-01 
3.7109e-01 
3.7109e-01 
3.7354e-01 
3.6865e-01 
3.7354e-01 
3.7354e-01 
3.7109e-01 
3.7109e-01 
3.7109e-01 
3.7109e-01 
3.7354e-01 
3.6865e-01 
3.7109e-01 
3.6865e-01 
3.7354e-01 
3.7109e-01 
3.6865e-01 
3.6865e-01 
3.7109e-01 
3.7109e-01 
3.7109e-01 
3.6865e-01 
3.7354e-01 
3.7109e-01 
3.7109e-01 
3.7354e-01 
3.7109e-01 
3.7109e-01 
3.7109e-01 
3.7109e-01 
3.7109e-01 
3.7109e-01 
3.6865e-01 
3.6865e-01 
3.7109e-01 
3.6865e-01 
3.6865e-01 
3.6865e-01 
3.7109e-01 
3.6865e-01 
3.6865e-01 
3.6865e-01 
3.6865e-01 
3.6865e-01 
3.7109e-01 
3.7109e-01 
3.7109e-01 
3.7109e-01 
3.7354e-01 
3.7109e-01 
3.7109e-01 
3.6865e-01 
3.6865e-01 
3.6865e-01 
3.7109e-01 
3.7109e-01 
3.7354e-01 
3.6621e-01 
3.6865e-01 
3.6865e-01 
3.6865e-01 
3.6865e-01 
3.6865e-01 
3.7109e-01 
3.6865e-01 
3.6865e-01 
3.7109e-01 
3.6865e-01 
3.6865e-01 
3.6865e-01 
3.6865e-01 
3.6865e-01 
3.6621e-01 
3.6865e-01 
3.6865e-01 
3.6621e-01 
3.7109e-01 
3.7109e-01 
3.6621e-01 
3.6865e-01 
3.6621e-01 
3.7109e-01 
3.6865e-01 
3.6865e-01 
3.6865e-01 
3.6865e-01 
3.6865e-01 
3.6865e-01 
3.6865e-01 
3.6865e-01 
3.6865e-01 
3.7109e-01 
3.6621e-01 
3.6865e-01 
3.6865e-01 
3.6621e-01 
3.7109e-01 
3.6865e-01 
3.6865e-01 
3.6865e-01 
3.6865e-01 
3.6865e-01 
3.7109e-01 
3.6621e-01 
3.6865e-01 
3.6865e-01 
3.6865e-01 
3.6865e-01 
3.6865e-01 
3.7109e-01 
3.6865e-01 
3.6865e-01 
3.6865e-01 
3.7109e-01 
3.7109e-01 
3.6865e-01 
3.6865e-01 
3.6865e-01 
3.6865e-01 
3.6865e-01 
3.6865e-01 
3.7109e-01 
3.7109e-01 
3.6865e-01 
3.7109e-01 
3.6865e-01 
3.6865e-01 
3.6865e-01 
3.6865e-01 
3.6865e-01 
3.6865e-01 
3.6621e-01 
3.6865e-01 
3.7109e-01 
3.6621e-01 
3.6865e-01 
3.7109e-01 
3.6621e-01 
3.6865e-01 
3.6865e-01 
3.6865e-01 
3.6865e-01 
3.6865e-01 
3.6377e-01 
3.6865e-01 
3.6621e-01 
3.6621e-01 
3.6865e-01 
3.6865e-01 
3.6865e-01 
3.6865e-01 
3.6621e-01 
3.6865e-01 
3.6865e-01 
3.6865e-01 
3.6865e-01 
3.6865e-01 
3.6621e-01 
3.6621e-01 
3.6621e-01 
3.6865e-01 
3.6865e-01 
3.6621e-01 
3.6621e-01 
3.6865e-01 
3.6621e-01 
3.6865e-01 
3.6621e-01 
3.6865e-01 
3.6621e-01 
3.6865e-01 
3.6621e-01 
3.6865e-01 
3.6621e-01 
3.6865e-01 
3.6621e-01 
3.6865e-01 
3.6621e-01 
3.6865e-01 
3.6865e-01 
3.6865e-01 
3.6377e-01 
3.6621e-01 
3.6621e-01 
3.6865e-01 
3.6865e-01 
3.6865e-01 
3.6621e-01 
3.6865e-01 
3.6377e-01 
3.6621e-01 
3.6865e-01 
3.6621e-01 
3.6621e-01 
3.6621e-01 
3.6621e-01 
3.6621e-01 
3.6865e-01 
3.6621e-01 
3.6621e-01 
3.6621e-01 
