-1.6357e-01 
8.8867e-01 
7.1289e-01 
-4.4434e-01 
-9.8877e-01 
-1.6113e-01 
8.8867e-01 
7.1289e-01 
-4.4678e-01 
-9.8877e-01 
-1.6113e-01 
8.9111e-01 
7.1289e-01 
-4.4678e-01 
-9.8633e-01 
-1.6357e-01 
8.8867e-01 
7.1533e-01 
-4.4922e-01 
-9.8633e-01 
-1.6113e-01 
8.9355e-01 
7.1289e-01 
-4.4922e-01 
-9.8877e-01 
-1.6113e-01 
8.9111e-01 
7.1045e-01 
-4.4678e-01 
-9.9121e-01 
-1.6113e-01 
8.9111e-01 
7.1045e-01 
-4.4434e-01 
-9.8877e-01 
-1.6113e-01 
8.9355e-01 
7.1533e-01 
-4.4434e-01 
-9.8877e-01 
-1.6113e-01 
8.9111e-01 
7.1289e-01 
-4.4922e-01 
-9.8877e-01 
-1.5869e-01 
8.9111e-01 
7.1289e-01 
-4.4922e-01 
-9.8877e-01 
-1.6113e-01 
8.9111e-01 
7.1533e-01 
-4.4678e-01 
-9.8877e-01 
-1.6113e-01 
8.9111e-01 
7.1045e-01 
-4.4922e-01 
-9.8633e-01 
-1.6357e-01 
8.9111e-01 
7.1045e-01 
-4.4922e-01 
-9.8877e-01 
-1.5869e-01 
8.9111e-01 
7.1045e-01 
-4.4922e-01 
-9.8877e-01 
-1.6113e-01 
8.9111e-01 
7.1045e-01 
-4.4678e-01 
-9.8633e-01 
-1.6113e-01 
8.9355e-01 
7.1045e-01 
-4.4678e-01 
-9.8877e-01 
-1.6113e-01 
8.9111e-01 
7.1045e-01 
-4.4922e-01 
-9.9121e-01 
-1.5625e-01 
8.9111e-01 
7.1289e-01 
-4.4922e-01 
-9.8633e-01 
-1.6113e-01 
8.9111e-01 
7.1289e-01 
-4.4922e-01 
-9.8633e-01 
-1.6113e-01 
8.9355e-01 
7.1045e-01 
-4.4678e-01 
-9.8877e-01 
-1.6113e-01 
8.9111e-01 
7.1045e-01 
-4.5166e-01 
-9.8633e-01 
-1.5869e-01 
8.9111e-01 
7.1045e-01 
-4.4922e-01 
-9.8877e-01 
-1.5869e-01 
8.9355e-01 
7.1045e-01 
-4.5166e-01 
-9.8877e-01 
-1.5869e-01 
8.9355e-01 
7.1045e-01 
-4.4922e-01 
-9.8633e-01 
-1.6357e-01 
8.9355e-01 
7.1045e-01 
-4.4922e-01 
-9.8633e-01 
-1.5869e-01 
8.9355e-01 
7.1045e-01 
-4.4922e-01 
-9.8389e-01 
-1.6113e-01 
8.9355e-01 
7.0801e-01 
-4.4922e-01 
-9.8633e-01 
-1.5869e-01 
8.9355e-01 
7.1045e-01 
-4.5166e-01 
-9.8633e-01 
-1.5625e-01 
8.9111e-01 
7.1045e-01 
-4.5166e-01 
-9.8633e-01 
-1.5869e-01 
8.9355e-01 
7.1045e-01 
-4.5166e-01 
-9.8633e-01 
-1.5625e-01 
8.9355e-01 
7.0801e-01 
-4.5166e-01 
-9.8633e-01 
-1.5869e-01 
8.9355e-01 
7.1045e-01 
-4.5166e-01 
-9.8633e-01 
-1.5869e-01 
8.9355e-01 
7.1045e-01 
-4.4922e-01 
-9.8633e-01 
-1.5625e-01 
8.9355e-01 
7.1045e-01 
-4.5166e-01 
-9.8633e-01 
-1.5625e-01 
8.9355e-01 
7.1045e-01 
-4.5166e-01 
-9.8877e-01 
-1.5869e-01 
8.9355e-01 
7.1045e-01 
-4.5166e-01 
-9.8633e-01 
-1.5869e-01 
8.9111e-01 
7.1045e-01 
-4.5166e-01 
-9.8877e-01 
-1.5869e-01 
8.9355e-01 
7.1045e-01 
-4.5410e-01 
-9.8633e-01 
-1.5625e-01 
8.9355e-01 
7.1045e-01 
-4.5166e-01 
-9.8633e-01 
-1.5625e-01 
8.9111e-01 
7.0801e-01 
-4.4922e-01 
-9.8633e-01 
-1.6113e-01 
8.9355e-01 
7.1045e-01 
-4.5166e-01 
-9.8877e-01 
-1.5625e-01 
8.9111e-01 
7.1045e-01 
-4.5410e-01 
-9.8633e-01 
-1.5625e-01 
8.9355e-01 
7.0801e-01 
-4.5166e-01 
-9.8633e-01 
-1.5869e-01 
8.9111e-01 
7.0801e-01 
-4.5410e-01 
-9.8633e-01 
-1.5869e-01 
8.9111e-01 
7.1045e-01 
-4.5166e-01 
-9.8633e-01 
-1.5625e-01 
8.9355e-01 
7.0801e-01 
-4.5166e-01 
-9.8633e-01 
-1.5625e-01 
8.9355e-01 
7.0801e-01 
-4.5166e-01 
-9.8633e-01 
-1.5625e-01 
8.9111e-01 
7.1045e-01 
-4.4922e-01 
-9.8633e-01 
-1.5869e-01 
8.9355e-01 
7.0801e-01 
-4.5166e-01 
-9.8633e-01 
-1.5625e-01 
8.9111e-01 
7.0801e-01 
-4.5166e-01 
-9.8633e-01 
-1.5625e-01 
8.9355e-01 
7.0557e-01 
-4.5410e-01 
-9.8633e-01 
-1.5625e-01 
