7.0312e-01 
6.9092e-01 
6.6895e-01 
6.5674e-01 
6.4209e-01 
6.3232e-01 
6.1523e-01 
6.0059e-01 
5.8350e-01 
5.6885e-01 
5.5176e-01 
5.3467e-01 
5.1758e-01 
5.0049e-01 
4.8340e-01 
4.6631e-01 
4.4434e-01 
4.2725e-01 
4.0771e-01 
3.8818e-01 
3.6865e-01 
3.4668e-01 
3.2471e-01 
3.1006e-01 
2.8564e-01 
2.6855e-01 
2.4902e-01 
2.2461e-01 
2.0508e-01 
1.8066e-01 
1.6113e-01 
1.3916e-01 
1.1963e-01 
9.5215e-02 
7.5684e-02 
5.3711e-02 
2.6855e-02 
7.3242e-03 
-1.4648e-02 
-3.6621e-02 
-6.1035e-02 
-8.0566e-02 
-1.0010e-01 
-1.2207e-01 
-1.4160e-01 
-1.6602e-01 
-1.9287e-01 
-2.0996e-01 
-2.3438e-01 
-2.5391e-01 
-2.7588e-01 
-2.9541e-01 
-3.1738e-01 
-3.3691e-01 
-3.5645e-01 
-3.7842e-01 
-3.9551e-01 
-4.1748e-01 
-4.3701e-01 
-4.5654e-01 
-4.7852e-01 
-4.9561e-01 
-5.1514e-01 
-5.2979e-01 
-5.4932e-01 
-5.6396e-01 
-5.8105e-01 
-6.0059e-01 
-6.1523e-01 
-6.2988e-01 
-6.4453e-01 
-6.6406e-01 
-6.7627e-01 
-6.8848e-01 
-7.0068e-01 
-7.1777e-01 
-7.2998e-01 
-7.3730e-01 
-7.5195e-01 
-7.6416e-01 
-7.7393e-01 
-7.8369e-01 
-7.9102e-01 
-8.0078e-01 
-8.0811e-01 
-8.1787e-01 
-8.2275e-01 
-8.3008e-01 
-8.3740e-01 
-8.4473e-01 
-8.4961e-01 
-8.5205e-01 
-8.5693e-01 
-8.5938e-01 
-8.6182e-01 
-8.6426e-01 
-8.6670e-01 
-8.6670e-01 
-8.6914e-01 
-8.6670e-01 
-8.6914e-01 
-8.6670e-01 
-8.6426e-01 
-8.6426e-01 
-8.6182e-01 
-8.5693e-01 
-8.5449e-01 
-8.4961e-01 
-8.4473e-01 
-8.3984e-01 
-8.3496e-01 
-8.2764e-01 
-8.2031e-01 
-8.1543e-01 
-8.0322e-01 
-7.9834e-01 
-7.8857e-01 
-7.8125e-01 
-7.6660e-01 
-7.5928e-01 
-7.4707e-01 
-7.3975e-01 
-7.2754e-01 
-7.1533e-01 
-7.0312e-01 
-6.8848e-01 
-6.7383e-01 
-6.6162e-01 
-6.4697e-01 
-6.3232e-01 
-6.2256e-01 
-6.0303e-01 
-5.8838e-01 
-5.7373e-01 
-5.5420e-01 
-5.3955e-01 
-5.2490e-01 
-5.0537e-01 
-4.8584e-01 
-4.7119e-01 
-4.4922e-01 
-4.3457e-01 
-4.1504e-01 
-3.9795e-01 
-3.7598e-01 
-3.5645e-01 
-3.3936e-01 
-3.1738e-01 
-2.9541e-01 
-2.7588e-01 
-2.5635e-01 
-2.3438e-01 
-2.1240e-01 
-1.9287e-01 
-1.7334e-01 
-1.4893e-01 
-1.2939e-01 
-1.0498e-01 
-8.3008e-02 
-6.3477e-02 
-4.1504e-02 
-1.9531e-02 
0.0000e+00 
1.9531e-02 
4.3945e-02 
6.3477e-02 
8.7891e-02 
1.1230e-01 
1.3428e-01 
1.5625e-01 
1.7334e-01 
1.9775e-01 
2.1729e-01 
2.3926e-01 
2.6123e-01 
2.8076e-01 
3.0029e-01 
3.2227e-01 
3.4424e-01 
3.6377e-01 
3.8330e-01 
4.0283e-01 
4.2236e-01 
4.4434e-01 
4.6387e-01 
4.8096e-01 
5.0049e-01 
5.1758e-01 
5.3467e-01 
5.5176e-01 
5.7373e-01 
5.8838e-01 
6.0547e-01 
6.1768e-01 
6.3232e-01 
6.4941e-01 
6.6162e-01 
6.7871e-01 
6.9092e-01 
7.0557e-01 
7.1777e-01 
7.2998e-01 
7.4463e-01 
7.5195e-01 
7.6416e-01 
7.7393e-01 
7.8613e-01 
7.9346e-01 
8.0322e-01 
8.1055e-01 
8.1787e-01 
8.2520e-01 
8.3496e-01 
8.3740e-01 
8.4229e-01 
8.4961e-01 
8.5449e-01 
8.5938e-01 
8.5938e-01 
8.6182e-01 
8.6670e-01 
8.6670e-01 
8.6914e-01 
8.6914e-01 
8.6914e-01 
8.6914e-01 
8.6426e-01 
8.6426e-01 
8.6182e-01 
8.5938e-01 
8.5693e-01 
8.5449e-01 
8.4961e-01 
8.4473e-01 
8.3740e-01 
8.3496e-01 
8.2520e-01 
8.2031e-01 
8.1055e-01 
8.0322e-01 
7.9590e-01 
7.8857e-01 
7.7637e-01 
7.7148e-01 
7.5684e-01 
7.4707e-01 
7.3242e-01 
7.2266e-01 
7.1045e-01 
6.9580e-01 
6.8604e-01 
6.7139e-01 
6.6162e-01 
6.4453e-01 
6.3232e-01 
6.1279e-01 
