8.7402e-01 
-9.9854e-01 
7.4463e-01 
-2.0508e-01 
-4.1016e-01 
8.7646e-01 
-9.9854e-01 
7.4219e-01 
-2.0264e-01 
-4.1016e-01 
8.7158e-01 
-9.9854e-01 
7.4463e-01 
-2.0264e-01 
-4.1016e-01 
8.7402e-01 
-9.9854e-01 
7.4707e-01 
-2.0752e-01 
-4.1260e-01 
8.7402e-01 
-9.9854e-01 
7.4463e-01 
-2.0508e-01 
-4.1016e-01 
8.7402e-01 
-9.9854e-01 
7.4707e-01 
-2.0264e-01 
-4.1016e-01 
8.7646e-01 
-1.0010e+00 
7.4463e-01 
-2.0264e-01 
-4.1260e-01 
8.7646e-01 
-9.9609e-01 
7.4219e-01 
-2.0264e-01 
-4.1016e-01 
8.7646e-01 
-9.9609e-01 
7.4463e-01 
-2.0508e-01 
-4.1260e-01 
8.7646e-01 
-9.9854e-01 
7.4463e-01 
-2.0264e-01 
-4.1016e-01 
8.7402e-01 
-9.9854e-01 
7.4463e-01 
-2.0264e-01 
-4.1016e-01 
8.7646e-01 
-9.9854e-01 
7.4219e-01 
-2.0508e-01 
-4.1260e-01 
8.7402e-01 
-9.9854e-01 
7.4707e-01 
-2.0264e-01 
-4.1016e-01 
8.7402e-01 
-9.9854e-01 
7.4219e-01 
-2.0508e-01 
-4.1260e-01 
8.7402e-01 
-9.9854e-01 
7.4463e-01 
-2.0264e-01 
-4.1260e-01 
8.7158e-01 
-9.9854e-01 
7.4463e-01 
-2.0508e-01 
-4.1260e-01 
8.7402e-01 
-9.9854e-01 
7.4463e-01 
-2.0264e-01 
-4.1016e-01 
8.7402e-01 
-9.9854e-01 
7.4219e-01 
-2.0264e-01 
-4.1260e-01 
8.7158e-01 
-9.9854e-01 
7.4219e-01 
-2.0508e-01 
-4.1260e-01 
8.7402e-01 
-9.9854e-01 
7.4463e-01 
-2.0508e-01 
-4.1016e-01 
8.7402e-01 
-9.9854e-01 
7.4463e-01 
-2.0264e-01 
-4.1260e-01 
8.7402e-01 
-9.9854e-01 
7.4463e-01 
-2.0264e-01 
-4.1260e-01 
8.7646e-01 
-9.9854e-01 
7.4219e-01 
-2.0508e-01 
-4.1260e-01 
8.7402e-01 
-9.9854e-01 
7.4463e-01 
-2.0264e-01 
-4.1260e-01 
8.7402e-01 
-9.9609e-01 
7.4463e-01 
-2.0508e-01 
-4.1260e-01 
8.7646e-01 
-9.9854e-01 
7.4219e-01 
-2.0264e-01 
-4.1260e-01 
8.7402e-01 
-9.9854e-01 
7.4463e-01 
-2.0020e-01 
-4.1504e-01 
8.7402e-01 
-9.9854e-01 
7.4463e-01 
-2.0264e-01 
-4.1016e-01 
8.7402e-01 
-1.0010e+00 
7.4219e-01 
-2.0264e-01 
-4.1260e-01 
8.7402e-01 
-1.0010e+00 
7.4463e-01 
-2.0264e-01 
-4.1504e-01 
8.7646e-01 
-9.9609e-01 
7.4463e-01 
-2.0264e-01 
-4.1504e-01 
8.7402e-01 
-9.9609e-01 
7.4219e-01 
-2.0020e-01 
-4.1260e-01 
8.7402e-01 
-9.9854e-01 
7.4463e-01 
-2.0264e-01 
-4.1260e-01 
8.7402e-01 
-9.9854e-01 
7.4219e-01 
-2.0020e-01 
-4.1504e-01 
8.7646e-01 
-9.9609e-01 
7.4219e-01 
-2.0264e-01 
-4.1260e-01 
8.7402e-01 
-9.9854e-01 
7.4463e-01 
-2.0264e-01 
-4.1504e-01 
8.7402e-01 
-9.9854e-01 
7.4463e-01 
-2.0264e-01 
-4.1260e-01 
8.7402e-01 
-9.9854e-01 
7.4463e-01 
-2.0264e-01 
-4.1260e-01 
8.7646e-01 
-9.9854e-01 
7.4463e-01 
-2.0264e-01 
-4.1260e-01 
8.7646e-01 
-9.9854e-01 
7.4463e-01 
-2.0508e-01 
-4.1260e-01 
8.7646e-01 
-9.9854e-01 
7.4219e-01 
-2.0264e-01 
-4.1260e-01 
8.7402e-01 
-9.9609e-01 
7.4219e-01 
-2.0264e-01 
-4.1260e-01 
8.7646e-01 
-9.9854e-01 
7.4463e-01 
-2.0264e-01 
-4.1260e-01 
8.7646e-01 
-9.9854e-01 
7.4463e-01 
-2.0264e-01 
-4.1016e-01 
8.7402e-01 
-9.9854e-01 
7.4219e-01 
-2.0264e-01 
-4.1260e-01 
8.7646e-01 
-9.9854e-01 
7.4463e-01 
-2.0264e-01 
-4.1260e-01 
8.7402e-01 
-9.9854e-01 
7.4219e-01 
-2.0264e-01 
-4.1260e-01 
8.7646e-01 
-9.9854e-01 
7.4219e-01 
-2.0264e-01 
-4.1260e-01 
8.7402e-01 
-9.9854e-01 
7.4219e-01 
-2.0264e-01 
-4.1260e-01 
8.7646e-01 
-9.9854e-01 
7.4219e-01 
-2.0264e-01 
-4.1504e-01 
8.7646e-01 
-9.9609e-01 
7.4219e-01 
-2.0020e-01 
-4.1504e-01 
8.7646e-01 
