-1.0034e+00 
2.9053e-01 
8.2764e-01 
-8.0078e-01 
-3.3203e-01 
1.0059e+00 
-2.8809e-01 
-8.2520e-01 
8.0322e-01 
3.3203e-01 
-1.0059e+00 
2.9053e-01 
8.2520e-01 
-7.9834e-01 
-3.3203e-01 
1.0034e+00 
-2.9053e-01 
-8.2764e-01 
8.0078e-01 
3.3203e-01 
-1.0034e+00 
2.8809e-01 
8.2764e-01 
-7.9834e-01 
-3.3203e-01 
1.0083e+00 
-2.8809e-01 
-8.2520e-01 
8.0322e-01 
3.3447e-01 
-1.0034e+00 
2.8809e-01 
8.2764e-01 
-7.9834e-01 
-3.2959e-01 
1.0059e+00 
-2.8809e-01 
-8.2764e-01 
8.0078e-01 
3.3203e-01 
-1.0034e+00 
2.9053e-01 
8.2764e-01 
-7.9834e-01 
-3.3203e-01 
1.0059e+00 
-2.8809e-01 
-8.2764e-01 
8.0322e-01 
3.3447e-01 
-1.0083e+00 
2.9053e-01 
8.2764e-01 
-7.9590e-01 
-3.2959e-01 
1.0059e+00 
-2.8320e-01 
-8.2520e-01 
8.0078e-01 
3.3447e-01 
-1.0034e+00 
2.8809e-01 
8.2764e-01 
-7.9834e-01 
-3.3203e-01 
1.0083e+00 
-2.8809e-01 
-8.2520e-01 
8.0078e-01 
3.3447e-01 
-1.0059e+00 
2.8809e-01 
8.2764e-01 
-7.9834e-01 
-3.2959e-01 
1.0059e+00 
-2.8809e-01 
-8.2764e-01 
8.0322e-01 
3.3203e-01 
-1.0034e+00 
2.9053e-01 
8.3008e-01 
-8.0078e-01 
-3.3203e-01 
1.0059e+00 
-2.8809e-01 
-8.2520e-01 
8.0078e-01 
3.3447e-01 
-1.0059e+00 
2.8809e-01 
8.2764e-01 
-7.9834e-01 
-3.3203e-01 
1.0059e+00 
-2.8809e-01 
-8.2520e-01 
8.0078e-01 
3.3447e-01 
-1.0034e+00 
2.9053e-01 
8.2764e-01 
-7.9834e-01 
-3.2959e-01 
1.0059e+00 
-2.9053e-01 
-8.2520e-01 
8.0322e-01 
3.3447e-01 
-1.0059e+00 
2.8809e-01 
8.2764e-01 
-7.9590e-01 
-3.2959e-01 
1.0059e+00 
-2.8564e-01 
-8.2520e-01 
7.9834e-01 
3.3447e-01 
-1.0034e+00 
2.9053e-01 
8.3008e-01 
-7.9834e-01 
-3.2959e-01 
1.0059e+00 
-2.8564e-01 
-8.2764e-01 
7.9834e-01 
3.3203e-01 
-1.0034e+00 
2.8809e-01 
8.2764e-01 
-7.9834e-01 
-3.2959e-01 
1.0059e+00 
-2.8809e-01 
-8.2764e-01 
8.0322e-01 
3.3203e-01 
-1.0034e+00 
2.9053e-01 
8.2520e-01 
-7.9834e-01 
-3.3447e-01 
1.0059e+00 
-2.8809e-01 
-8.2520e-01 
7.9834e-01 
3.3203e-01 
-1.0034e+00 
2.8809e-01 
8.2520e-01 
-7.9590e-01 
-3.3203e-01 
1.0059e+00 
-2.8809e-01 
-8.2764e-01 
8.0078e-01 
3.3203e-01 
-1.0034e+00 
2.9053e-01 
8.3008e-01 
-7.9834e-01 
-3.3203e-01 
1.0059e+00 
-2.8809e-01 
-8.2520e-01 
8.0078e-01 
3.3203e-01 
-1.0059e+00 
2.8809e-01 
8.2764e-01 
-7.9834e-01 
-3.3203e-01 
1.0083e+00 
-2.8809e-01 
-8.2764e-01 
8.0078e-01 
3.3203e-01 
-1.0034e+00 
2.8809e-01 
8.2764e-01 
-7.9834e-01 
-3.3203e-01 
1.0059e+00 
-2.8809e-01 
-8.2520e-01 
8.0322e-01 
3.3447e-01 
-1.0059e+00 
2.8809e-01 
8.2764e-01 
-7.9834e-01 
-3.3447e-01 
1.0059e+00 
-2.8809e-01 
-8.2764e-01 
8.0078e-01 
3.3203e-01 
-1.0034e+00 
2.8809e-01 
8.3008e-01 
-7.9834e-01 
-3.3447e-01 
1.0059e+00 
-2.8564e-01 
-8.2520e-01 
8.0078e-01 
3.3447e-01 
-1.0083e+00 
2.8809e-01 
8.2764e-01 
-7.9590e-01 
-3.3447e-01 
1.0059e+00 
-2.8564e-01 
-8.2520e-01 
7.9834e-01 
3.3447e-01 
-1.0034e+00 
2.8564e-01 
8.2764e-01 
-7.9834e-01 
-3.3447e-01 
1.0059e+00 
-2.8809e-01 
-8.2520e-01 
8.0078e-01 
3.3447e-01 
-1.0059e+00 
2.8564e-01 
8.2764e-01 
-7.9834e-01 
-3.3203e-01 
1.0059e+00 
-2.8564e-01 
-8.2520e-01 
8.0078e-01 
3.3203e-01 
-1.0034e+00 
2.8564e-01 
8.3008e-01 
-8.0078e-01 
-3.3447e-01 
1.0059e+00 
-2.8809e-01 
-8.2520e-01 
8.0078e-01 
3.3447e-01 
-1.0034e+00 
2.8809e-01 
8.2764e-01 
-7.9834e-01 
-3.3447e-01 
1.0059e+00 
