-1.8311e-01 
1.8311e-01 
-1.8311e-01 
1.8555e-01 
-1.8311e-01 
1.8555e-01 
-1.8555e-01 
1.8555e-01 
-1.8066e-01 
1.8311e-01 
-1.8311e-01 
1.8311e-01 
-1.8311e-01 
1.8555e-01 
-1.8555e-01 
1.8311e-01 
-1.8311e-01 
1.8311e-01 
-1.8555e-01 
1.8311e-01 
-1.8066e-01 
1.8311e-01 
-1.8555e-01 
1.8311e-01 
-1.8311e-01 
1.8311e-01 
-1.8555e-01 
1.8555e-01 
-1.8311e-01 
1.8311e-01 
-1.8311e-01 
1.8555e-01 
-1.8311e-01 
1.8555e-01 
-1.8066e-01 
1.8311e-01 
-1.8311e-01 
1.8555e-01 
-1.8311e-01 
1.8311e-01 
-1.8311e-01 
1.8066e-01 
-1.8311e-01 
1.8555e-01 
-1.8555e-01 
1.8555e-01 
-1.8311e-01 
1.8555e-01 
-1.8311e-01 
1.8311e-01 
-1.8555e-01 
1.8555e-01 
-1.8555e-01 
1.8555e-01 
-1.8311e-01 
1.8555e-01 
-1.8311e-01 
1.8555e-01 
-1.8311e-01 
1.8066e-01 
-1.8311e-01 
1.8311e-01 
-1.8311e-01 
1.8555e-01 
-1.8311e-01 
1.8555e-01 
-1.8311e-01 
1.8555e-01 
-1.8555e-01 
1.8311e-01 
-1.8555e-01 
1.8555e-01 
-1.8311e-01 
1.8311e-01 
-1.8066e-01 
1.8311e-01 
-1.8066e-01 
1.8311e-01 
-1.8311e-01 
1.8311e-01 
-1.8311e-01 
1.8311e-01 
-1.8555e-01 
1.8555e-01 
-1.8311e-01 
1.8311e-01 
-1.8555e-01 
1.8311e-01 
-1.8311e-01 
1.8311e-01 
-1.8311e-01 
1.8555e-01 
-1.8311e-01 
1.8555e-01 
-1.8311e-01 
1.8311e-01 
-1.8311e-01 
1.8555e-01 
-1.8311e-01 
1.8066e-01 
-1.8311e-01 
1.8311e-01 
-1.8311e-01 
1.8311e-01 
-1.8311e-01 
1.8311e-01 
-1.8311e-01 
1.8555e-01 
-1.8311e-01 
1.8066e-01 
-1.8311e-01 
1.8311e-01 
-1.8066e-01 
1.8311e-01 
-1.8311e-01 
1.8311e-01 
-1.8066e-01 
1.8311e-01 
-1.8066e-01 
1.8311e-01 
-1.8066e-01 
1.8311e-01 
-1.8066e-01 
1.8311e-01 
-1.8066e-01 
1.8311e-01 
-1.8066e-01 
1.8311e-01 
-1.8311e-01 
1.8311e-01 
-1.8066e-01 
1.8311e-01 
-1.8066e-01 
1.8555e-01 
-1.8555e-01 
1.8311e-01 
-1.8066e-01 
1.8311e-01 
-1.8311e-01 
1.8311e-01 
-1.8066e-01 
1.8311e-01 
-1.8311e-01 
1.8311e-01 
-1.8066e-01 
1.8311e-01 
-1.8311e-01 
1.8311e-01 
-1.8066e-01 
1.8066e-01 
-1.8555e-01 
1.8311e-01 
-1.8066e-01 
1.8311e-01 
-1.8311e-01 
1.8311e-01 
-1.8311e-01 
1.8311e-01 
-1.8066e-01 
1.8555e-01 
-1.8066e-01 
1.8066e-01 
-1.8066e-01 
1.8311e-01 
-1.8311e-01 
1.8066e-01 
-1.8066e-01 
1.8311e-01 
-1.8066e-01 
1.8311e-01 
-1.8311e-01 
1.8066e-01 
-1.8066e-01 
1.8066e-01 
-1.8311e-01 
1.8311e-01 
-1.8311e-01 
1.8311e-01 
-1.8066e-01 
1.8311e-01 
-1.8311e-01 
1.8066e-01 
-1.8066e-01 
1.8066e-01 
-1.8311e-01 
1.8066e-01 
-1.8311e-01 
1.8311e-01 
-1.8311e-01 
1.8311e-01 
-1.8066e-01 
1.8555e-01 
-1.8066e-01 
1.8311e-01 
-1.8311e-01 
1.8066e-01 
-1.8066e-01 
1.8311e-01 
-1.8311e-01 
1.8066e-01 
-1.8311e-01 
1.8311e-01 
-1.8311e-01 
1.8066e-01 
-1.8311e-01 
1.8066e-01 
-1.8311e-01 
1.8311e-01 
-1.8066e-01 
1.8066e-01 
-1.8311e-01 
1.8311e-01 
-1.8066e-01 
1.8066e-01 
-1.8066e-01 
1.8311e-01 
-1.8066e-01 
1.8066e-01 
-1.8311e-01 
1.8311e-01 
-1.7822e-01 
1.8311e-01 
-1.8311e-01 
1.8311e-01 
-1.8311e-01 
1.7822e-01 
-1.8066e-01 
1.8311e-01 
-1.8555e-01 
1.8066e-01 
-1.8066e-01 
1.8311e-01 
-1.8066e-01 
1.8066e-01 
-1.8311e-01 
1.8311e-01 
-1.8066e-01 
1.8066e-01 
-1.8066e-01 
1.8066e-01 
-1.8066e-01 
1.8066e-01 
-1.8066e-01 
1.8311e-01 
-1.8066e-01 
1.8066e-01 
-1.8066e-01 
1.8311e-01 
-1.8311e-01 
1.8066e-01 
-1.8311e-01 
1.8066e-01 
-1.8066e-01 
1.8066e-01 
-1.8311e-01 
1.8311e-01 
