9.9365e-01 
-8.8623e-01 
4.3701e-01 
1.7578e-01 
-7.2021e-01 
9.9365e-01 
-8.8379e-01 
4.3945e-01 
1.7334e-01 
-7.2021e-01 
9.9365e-01 
-8.8623e-01 
4.3701e-01 
1.7578e-01 
-7.2266e-01 
9.9365e-01 
-8.8135e-01 
4.3945e-01 
1.7578e-01 
-7.1777e-01 
9.9609e-01 
-8.8623e-01 
4.3945e-01 
1.7578e-01 
-7.2021e-01 
9.9365e-01 
-8.8135e-01 
4.3457e-01 
1.7578e-01 
-7.2021e-01 
9.9365e-01 
-8.8623e-01 
4.3945e-01 
1.7578e-01 
-7.2266e-01 
9.9365e-01 
-8.8135e-01 
4.3701e-01 
1.7578e-01 
-7.2266e-01 
9.9365e-01 
-8.8623e-01 
4.3945e-01 
1.7578e-01 
-7.2266e-01 
9.9609e-01 
-8.8623e-01 
4.3945e-01 
1.7334e-01 
-7.1777e-01 
9.9609e-01 
-8.8623e-01 
4.3945e-01 
1.7578e-01 
-7.2266e-01 
9.9365e-01 
-8.8379e-01 
4.4189e-01 
1.7334e-01 
-7.2021e-01 
9.9365e-01 
-8.8623e-01 
4.3945e-01 
1.7578e-01 
-7.2021e-01 
9.9365e-01 
-8.8623e-01 
4.3945e-01 
1.7334e-01 
-7.1777e-01 
9.9365e-01 
-8.8623e-01 
4.4189e-01 
1.7578e-01 
-7.2021e-01 
9.9609e-01 
-8.8379e-01 
4.3945e-01 
1.7334e-01 
-7.2021e-01 
9.9365e-01 
-8.8623e-01 
4.3945e-01 
1.7578e-01 
-7.2266e-01 
9.9121e-01 
-8.8623e-01 
4.4189e-01 
1.7334e-01 
-7.2266e-01 
9.9365e-01 
-8.8623e-01 
4.3945e-01 
1.7334e-01 
-7.2021e-01 
9.9609e-01 
-8.8623e-01 
4.4434e-01 
1.7334e-01 
-7.2266e-01 
9.9609e-01 
-8.8623e-01 
4.3945e-01 
1.7334e-01 
-7.2021e-01 
9.9365e-01 
-8.8623e-01 
4.3945e-01 
1.7334e-01 
-7.2021e-01 
9.9365e-01 
-8.8623e-01 
4.3945e-01 
1.7334e-01 
-7.2021e-01 
9.9365e-01 
-8.8135e-01 
4.4189e-01 
1.7334e-01 
-7.2021e-01 
9.9365e-01 
-8.8623e-01 
4.3945e-01 
1.7578e-01 
-7.2021e-01 
9.9365e-01 
-8.8623e-01 
4.4189e-01 
1.7578e-01 
-7.2021e-01 
9.9365e-01 
-8.8623e-01 
4.3945e-01 
1.7578e-01 
-7.2021e-01 
9.9365e-01 
-8.8379e-01 
4.4434e-01 
1.7578e-01 
-7.2021e-01 
9.9365e-01 
-8.8623e-01 
4.3945e-01 
1.7334e-01 
-7.2021e-01 
9.9365e-01 
-8.8379e-01 
4.4434e-01 
1.7090e-01 
-7.2021e-01 
9.9609e-01 
-8.8623e-01 
4.3945e-01 
1.7334e-01 
-7.2021e-01 
9.9365e-01 
-8.8623e-01 
4.4434e-01 
1.7090e-01 
-7.2021e-01 
9.9609e-01 
-8.8623e-01 
4.4189e-01 
1.7334e-01 
-7.1777e-01 
9.9365e-01 
-8.8379e-01 
4.4434e-01 
1.7334e-01 
-7.2021e-01 
9.9609e-01 
-8.8379e-01 
4.4189e-01 
1.7334e-01 
-7.2021e-01 
9.9365e-01 
-8.8135e-01 
4.4189e-01 
1.7334e-01 
-7.2021e-01 
9.9365e-01 
-8.8623e-01 
4.3945e-01 
1.7334e-01 
-7.1777e-01 
9.9365e-01 
-8.8379e-01 
4.4189e-01 
1.7334e-01 
-7.2021e-01 
9.9121e-01 
-8.8867e-01 
4.4189e-01 
1.7090e-01 
-7.2266e-01 
9.9609e-01 
-8.8379e-01 
4.4189e-01 
1.7334e-01 
-7.2021e-01 
9.9121e-01 
-8.8379e-01 
4.4189e-01 
1.7334e-01 
-7.2021e-01 
9.9365e-01 
-8.8623e-01 
4.4189e-01 
1.7334e-01 
-7.1777e-01 
9.9121e-01 
-8.8623e-01 
4.3945e-01 
1.7578e-01 
-7.1777e-01 
9.9365e-01 
-8.8379e-01 
4.4189e-01 
1.7334e-01 
-7.1777e-01 
9.9121e-01 
-8.8623e-01 
4.4434e-01 
1.7334e-01 
-7.2021e-01 
9.9121e-01 
-8.8379e-01 
4.4189e-01 
1.7334e-01 
-7.1777e-01 
9.9609e-01 
-8.8623e-01 
4.4189e-01 
1.7334e-01 
-7.2266e-01 
9.9121e-01 
-8.8623e-01 
4.4189e-01 
1.7090e-01 
-7.2266e-01 
9.9365e-01 
-8.8623e-01 
4.4434e-01 
1.7090e-01 
-7.1777e-01 
9.9609e-01 
-8.8379e-01 
4.4189e-01 
1.7334e-01 
-7.2021e-01 
9.9365e-01 
-8.8867e-01 
4.4189e-01 
1.7090e-01 
-7.2021e-01 
9.9609e-01 
