-9.2041e-01 
1.0986e-01 
9.8389e-01 
4.9805e-01 
-6.7627e-01 
-9.1553e-01 
1.0986e-01 
9.8389e-01 
5.0049e-01 
-6.7627e-01 
-9.1797e-01 
1.0742e-01 
9.8633e-01 
4.9805e-01 
-6.7627e-01 
-9.1553e-01 
1.1230e-01 
9.8633e-01 
5.0049e-01 
-6.7871e-01 
-9.2041e-01 
1.0986e-01 
9.8633e-01 
4.9561e-01 
-6.7627e-01 
-9.1553e-01 
1.0986e-01 
9.8633e-01 
5.0049e-01 
-6.7627e-01 
-9.1797e-01 
1.0986e-01 
9.8389e-01 
4.9805e-01 
-6.7627e-01 
-9.1309e-01 
1.0986e-01 
9.8633e-01 
5.0049e-01 
-6.7627e-01 
-9.1797e-01 
1.0986e-01 
9.8633e-01 
5.0049e-01 
-6.7383e-01 
-9.1309e-01 
1.0986e-01 
9.8633e-01 
5.0049e-01 
-6.7871e-01 
-9.1797e-01 
1.0742e-01 
9.8633e-01 
4.9805e-01 
-6.7627e-01 
-9.1553e-01 
1.1230e-01 
9.8633e-01 
4.9805e-01 
-6.7627e-01 
-9.1553e-01 
1.0986e-01 
9.8633e-01 
4.9561e-01 
-6.7871e-01 
-9.1553e-01 
1.1230e-01 
9.8633e-01 
5.0049e-01 
-6.7627e-01 
-9.1553e-01 
1.0986e-01 
9.8389e-01 
5.0049e-01 
-6.7627e-01 
-9.1309e-01 
1.0986e-01 
9.8633e-01 
5.0049e-01 
-6.7627e-01 
-9.1553e-01 
1.0986e-01 
9.8633e-01 
4.9805e-01 
-6.7627e-01 
-9.1553e-01 
1.0986e-01 
9.8633e-01 
4.9805e-01 
-6.7627e-01 
-9.1797e-01 
1.0986e-01 
9.8389e-01 
4.9805e-01 
-6.7627e-01 
-9.1553e-01 
1.0986e-01 
9.8633e-01 
5.0049e-01 
-6.7627e-01 
-9.1553e-01 
1.0986e-01 
9.8633e-01 
4.9805e-01 
-6.7627e-01 
-9.1309e-01 
1.1230e-01 
9.8633e-01 
4.9805e-01 
-6.7627e-01 
-9.1553e-01 
1.0742e-01 
9.8389e-01 
4.9805e-01 
-6.7627e-01 
-9.1553e-01 
1.1230e-01 
9.8633e-01 
4.9805e-01 
-6.7871e-01 
-9.1797e-01 
1.0986e-01 
9.8389e-01 
4.9561e-01 
-6.7627e-01 
-9.1309e-01 
1.0986e-01 
9.8877e-01 
4.9805e-01 
-6.7627e-01 
-9.1797e-01 
1.0986e-01 
9.8389e-01 
5.0049e-01 
-6.7627e-01 
-9.1553e-01 
1.1230e-01 
9.8389e-01 
5.0049e-01 
-6.7383e-01 
-9.1553e-01 
1.0986e-01 
9.8389e-01 
4.9805e-01 
-6.7627e-01 
-9.1553e-01 
1.0986e-01 
9.8389e-01 
4.9805e-01 
-6.7627e-01 
-9.1797e-01 
1.0986e-01 
9.8633e-01 
5.0049e-01 
-6.7383e-01 
-9.1553e-01 
1.1230e-01 
9.8633e-01 
5.0049e-01 
-6.7383e-01 
-9.1797e-01 
1.1230e-01 
9.8389e-01 
4.9805e-01 
-6.7627e-01 
-9.1553e-01 
1.1230e-01 
9.8389e-01 
4.9805e-01 
-6.7627e-01 
-9.1797e-01 
1.0986e-01 
9.8633e-01 
4.9805e-01 
-6.7383e-01 
-9.1309e-01 
1.0986e-01 
9.8633e-01 
5.0049e-01 
-6.7627e-01 
-9.1553e-01 
1.0986e-01 
9.8633e-01 
5.0049e-01 
-6.7383e-01 
-9.1309e-01 
1.1230e-01 
9.8633e-01 
5.0049e-01 
-6.7627e-01 
-9.1797e-01 
1.0742e-01 
9.8389e-01 
4.9805e-01 
-6.7383e-01 
-9.1309e-01 
1.0986e-01 
9.8877e-01 
5.0049e-01 
-6.7627e-01 
-9.1797e-01 
1.0986e-01 
9.8389e-01 
5.0049e-01 
-6.7627e-01 
-9.1309e-01 
1.1230e-01 
9.8389e-01 
5.0049e-01 
-6.7627e-01 
-9.1553e-01 
1.0986e-01 
9.8389e-01 
4.9561e-01 
-6.7383e-01 
-9.1309e-01 
1.1230e-01 
9.8633e-01 
5.0049e-01 
-6.7627e-01 
-9.1797e-01 
1.0742e-01 
9.8389e-01 
4.9805e-01 
-6.7383e-01 
-9.1064e-01 
1.0986e-01 
9.8633e-01 
5.0049e-01 
-6.7383e-01 
-9.1553e-01 
1.0742e-01 
9.8633e-01 
4.9805e-01 
-6.7383e-01 
-9.1553e-01 
1.1230e-01 
9.8633e-01 
5.0049e-01 
-6.7627e-01 
-9.1553e-01 
1.0742e-01 
9.8389e-01 
4.9805e-01 
-6.7383e-01 
-9.1309e-01 
1.0742e-01 
9.8633e-01 
4.9805e-01 
-6.7627e-01 
-9.1797e-01 
1.0986e-01 
9.8633e-01 
4.9805e-01 
-6.7627e-01 
-9.1309e-01 
