-8.7646e-01 
-4.2236e-01 
1.9287e-01 
7.3975e-01 
9.9854e-01 
8.7891e-01 
4.2236e-01 
-1.9287e-01 
-7.3486e-01 
-9.9121e-01 
-8.7402e-01 
-4.2236e-01 
1.9531e-01 
7.3730e-01 
9.9609e-01 
8.7891e-01 
4.2480e-01 
-1.9287e-01 
-7.3730e-01 
-9.9854e-01 
-8.7646e-01 
-4.1992e-01 
1.9287e-01 
7.3730e-01 
9.9854e-01 
8.7891e-01 
4.2236e-01 
-1.9287e-01 
-7.3730e-01 
-9.9365e-01 
-8.7402e-01 
-4.2236e-01 
1.9531e-01 
7.3975e-01 
9.9854e-01 
8.7891e-01 
4.2480e-01 
-1.9287e-01 
-7.3730e-01 
-9.9609e-01 
-8.7891e-01 
-4.2236e-01 
1.9043e-01 
7.3730e-01 
9.9854e-01 
8.7891e-01 
4.2236e-01 
-1.9287e-01 
-7.3486e-01 
-9.9609e-01 
-8.7402e-01 
-4.2236e-01 
1.9531e-01 
7.3730e-01 
9.9854e-01 
8.7891e-01 
4.2480e-01 
-1.9043e-01 
-7.3486e-01 
-9.9609e-01 
-8.7891e-01 
-4.2236e-01 
1.9287e-01 
7.3730e-01 
9.9854e-01 
8.7891e-01 
4.1992e-01 
-1.9531e-01 
-7.3242e-01 
-9.9365e-01 
-8.7158e-01 
-4.1992e-01 
1.9531e-01 
7.3730e-01 
9.9854e-01 
8.7891e-01 
4.2236e-01 
-1.9287e-01 
-7.3486e-01 
-9.9854e-01 
-8.7646e-01 
-4.2236e-01 
1.9287e-01 
7.3730e-01 
9.9854e-01 
8.7891e-01 
4.2236e-01 
-1.9287e-01 
-7.3486e-01 
-9.9365e-01 
-8.7402e-01 
-4.1992e-01 
1.9287e-01 
7.3486e-01 
9.9609e-01 
8.7891e-01 
4.1992e-01 
-1.9287e-01 
-7.3730e-01 
-9.9609e-01 
-8.7646e-01 
-4.2480e-01 
1.9287e-01 
7.3486e-01 
9.9854e-01 
8.7891e-01 
4.2236e-01 
-1.9287e-01 
-7.3486e-01 
-9.9365e-01 
-8.7402e-01 
-4.1992e-01 
1.9287e-01 
7.3730e-01 
9.9854e-01 
8.7646e-01 
4.2480e-01 
-1.9287e-01 
-7.3730e-01 
-9.9609e-01 
-8.7646e-01 
-4.2236e-01 
1.9043e-01 
7.3730e-01 
9.9854e-01 
8.7646e-01 
4.2480e-01 
-1.9287e-01 
-7.3486e-01 
-9.9365e-01 
-8.7402e-01 
-4.2236e-01 
1.9531e-01 
7.3730e-01 
9.9854e-01 
8.7891e-01 
4.2480e-01 
-1.9287e-01 
-7.3486e-01 
-9.9609e-01 
-8.7891e-01 
-4.2480e-01 
1.9043e-01 
7.3730e-01 
9.9854e-01 
8.7646e-01 
4.2236e-01 
-1.9043e-01 
-7.3486e-01 
-9.9365e-01 
-8.7402e-01 
-4.2236e-01 
1.9775e-01 
7.3486e-01 
9.9854e-01 
8.8135e-01 
4.2236e-01 
-1.9287e-01 
-7.3486e-01 
-9.9854e-01 
-8.7891e-01 
-4.1992e-01 
1.9287e-01 
7.3730e-01 
9.9854e-01 
8.7646e-01 
4.2236e-01 
-1.9531e-01 
-7.3486e-01 
-9.9609e-01 
-8.7402e-01 
-4.2236e-01 
1.9287e-01 
7.3730e-01 
9.9854e-01 
8.7891e-01 
4.2480e-01 
-1.9287e-01 
-7.3486e-01 
-9.9854e-01 
-8.7891e-01 
-4.2236e-01 
1.9287e-01 
7.3730e-01 
9.9854e-01 
8.7646e-01 
4.1992e-01 
-1.9287e-01 
-7.3242e-01 
-9.9365e-01 
-8.7402e-01 
-4.1992e-01 
1.9531e-01 
7.3486e-01 
9.9854e-01 
8.7891e-01 
4.2236e-01 
-1.9531e-01 
-7.3486e-01 
-9.9609e-01 
-8.7646e-01 
-4.2236e-01 
1.9043e-01 
7.3486e-01 
9.9854e-01 
8.7891e-01 
4.2236e-01 
-1.9287e-01 
-7.3242e-01 
-9.9365e-01 
-8.7646e-01 
-4.2236e-01 
1.9287e-01 
7.3486e-01 
9.9854e-01 
8.7891e-01 
4.2480e-01 
-1.9287e-01 
-7.3486e-01 
-9.9609e-01 
-8.8135e-01 
-4.1992e-01 
1.9287e-01 
7.3730e-01 
9.9854e-01 
8.7646e-01 
4.2236e-01 
-1.9287e-01 
-7.3242e-01 
-9.9365e-01 
-8.7646e-01 
-4.1992e-01 
1.9531e-01 
7.3730e-01 
9.9854e-01 
8.8135e-01 
4.2236e-01 
-1.9531e-01 
-7.3486e-01 
-9.9854e-01 
-8.7646e-01 
-4.2236e-01 
1.9043e-01 
7.3730e-01 
9.9609e-01 
8.7646e-01 
4.2480e-01 
-1.9531e-01 
-7.3486e-01 
-9.9609e-01 
-8.7402e-01 
-4.2236e-01 
1.9287e-01 
7.3486e-01 
9.9609e-01 
8.7891e-01 
