9.5703e-01 
-5.7861e-01 
-5.9570e-01 
9.5215e-01 
9.7656e-03 
-9.5215e-01 
5.8105e-01 
6.0059e-01 
-9.4727e-01 
-1.2207e-02 
9.5947e-01 
-5.7617e-01 
-5.9814e-01 
9.4971e-01 
1.2207e-02 
-9.5459e-01 
5.8105e-01 
5.9570e-01 
-9.4727e-01 
-9.7656e-03 
9.5703e-01 
-5.7861e-01 
-5.9570e-01 
9.4971e-01 
9.7656e-03 
-9.5215e-01 
5.8350e-01 
5.9814e-01 
-9.4971e-01 
-9.7656e-03 
9.5703e-01 
-5.7617e-01 
-5.9814e-01 
9.4971e-01 
9.7656e-03 
-9.5459e-01 
5.8350e-01 
5.9814e-01 
-9.4727e-01 
-1.2207e-02 
9.5459e-01 
-5.7861e-01 
-5.9570e-01 
9.4971e-01 
9.7656e-03 
-9.5459e-01 
5.8350e-01 
6.0059e-01 
-9.4727e-01 
-1.2207e-02 
9.5459e-01 
-5.7861e-01 
-5.9570e-01 
9.4971e-01 
7.3242e-03 
-9.5703e-01 
5.8105e-01 
5.9814e-01 
-9.4971e-01 
-9.7656e-03 
9.5947e-01 
-5.7861e-01 
-5.9570e-01 
9.4971e-01 
7.3242e-03 
-9.5459e-01 
5.8105e-01 
6.0059e-01 
-9.4482e-01 
-9.7656e-03 
9.5947e-01 
-5.7861e-01 
-5.9570e-01 
9.4971e-01 
9.7656e-03 
-9.5459e-01 
5.7861e-01 
5.9570e-01 
-9.4971e-01 
-1.2207e-02 
9.5703e-01 
-5.8105e-01 
-5.9570e-01 
9.5215e-01 
9.7656e-03 
-9.5459e-01 
5.8350e-01 
5.9814e-01 
-9.4971e-01 
-7.3242e-03 
9.5703e-01 
-5.7861e-01 
-5.9814e-01 
9.4971e-01 
9.7656e-03 
-9.5459e-01 
5.8105e-01 
5.9814e-01 
-9.4727e-01 
-9.7656e-03 
9.5703e-01 
-5.8105e-01 
-5.9814e-01 
9.4971e-01 
7.3242e-03 
-9.5215e-01 
5.7861e-01 
5.9814e-01 
-9.4971e-01 
-7.3242e-03 
9.5703e-01 
-5.7861e-01 
-5.9570e-01 
9.4971e-01 
7.3242e-03 
-9.5459e-01 
5.7861e-01 
5.9814e-01 
-9.4971e-01 
-9.7656e-03 
9.5459e-01 
-5.8350e-01 
-5.9814e-01 
9.5215e-01 
7.3242e-03 
-9.5459e-01 
5.8350e-01 
5.9814e-01 
-9.4727e-01 
-9.7656e-03 
9.5947e-01 
-5.7861e-01 
-5.9814e-01 
9.4971e-01 
7.3242e-03 
-9.5459e-01 
5.8105e-01 
5.9570e-01 
-9.4971e-01 
-7.3242e-03 
9.5703e-01 
-5.7861e-01 
-5.9326e-01 
9.5215e-01 
9.7656e-03 
-9.5459e-01 
5.8105e-01 
5.9814e-01 
-9.4727e-01 
-7.3242e-03 
9.5459e-01 
-5.8105e-01 
-5.9570e-01 
9.5215e-01 
7.3242e-03 
-9.5459e-01 
5.8105e-01 
5.9570e-01 
-9.4971e-01 
-7.3242e-03 
9.5703e-01 
-5.8105e-01 
-5.9570e-01 
9.5215e-01 
7.3242e-03 
-9.5215e-01 
5.8594e-01 
5.9570e-01 
-9.4971e-01 
-7.3242e-03 
9.5703e-01 
-5.8105e-01 
-5.9814e-01 
9.5215e-01 
9.7656e-03 
-9.5459e-01 
5.8105e-01 
5.9570e-01 
-9.4971e-01 
-9.7656e-03 
9.5703e-01 
-5.8105e-01 
-5.9326e-01 
9.5215e-01 
9.7656e-03 
-9.5215e-01 
5.8350e-01 
5.9570e-01 
-9.4727e-01 
-7.3242e-03 
9.5703e-01 
-5.8350e-01 
-5.9570e-01 
9.4971e-01 
7.3242e-03 
-9.5703e-01 
5.8105e-01 
5.9570e-01 
-9.4971e-01 
-7.3242e-03 
9.5703e-01 
-5.8105e-01 
-5.9326e-01 
9.4971e-01 
7.3242e-03 
-9.5215e-01 
5.8594e-01 
5.9570e-01 
-9.4482e-01 
-7.3242e-03 
9.5947e-01 
-5.8105e-01 
-5.9570e-01 
9.5215e-01 
7.3242e-03 
-9.5703e-01 
5.8350e-01 
5.9570e-01 
-9.4727e-01 
-7.3242e-03 
9.5459e-01 
-5.8105e-01 
-5.9570e-01 
9.5215e-01 
9.7656e-03 
-9.5459e-01 
5.8350e-01 
5.9570e-01 
-9.4727e-01 
-9.7656e-03 
9.5703e-01 
-5.8350e-01 
-5.9326e-01 
9.5215e-01 
4.8828e-03 
-9.5459e-01 
5.8350e-01 
5.9570e-01 
-9.4971e-01 
-9.7656e-03 
9.5459e-01 
-5.8350e-01 
-5.9326e-01 
9.5215e-01 
7.3242e-03 
-9.5215e-01 
5.8838e-01 
5.9326e-01 
-9.4971e-01 
-4.8828e-03 
9.5703e-01 
-5.8350e-01 
-5.9570e-01 
9.5215e-01 
7.3242e-03 
-9.5459e-01 
