1.5625e-01 
1.5381e-01 
1.6357e-01 
1.6846e-01 
9.5215e-02 
5.3711e-02 
5.3711e-02 
9.7656e-02 
5.8594e-02 
-4.6387e-02 
-6.3477e-02 
-4.1504e-02 
-7.3242e-03 
-7.5684e-02 
-1.4648e-01 
-1.4648e-01 
-1.3672e-01 
-1.2695e-01 
-1.7822e-01 
-1.7578e-01 
-1.7090e-01 
-1.6846e-01 
-1.7334e-01 
-1.6846e-01 
-9.5215e-02 
-5.1270e-02 
-5.3711e-02 
-1.0010e-01 
-6.8359e-02 
2.9297e-02 
5.1270e-02 
3.4180e-02 
2.4414e-03 
7.3242e-02 
1.4648e-01 
1.4893e-01 
1.3428e-01 
1.2207e-01 
1.6602e-01 
1.6602e-01 
1.5381e-01 
1.5625e-01 
1.6357e-01 
1.7090e-01 
9.7656e-02 
5.3711e-02 
5.3711e-02 
9.7656e-02 
6.1035e-02 
-4.1504e-02 
-6.5918e-02 
-4.1504e-02 
-7.3242e-03 
-7.5684e-02 
-1.4648e-01 
-1.4648e-01 
-1.3672e-01 
-1.2939e-01 
-1.7578e-01 
-1.7578e-01 
-1.6846e-01 
-1.6602e-01 
-1.7334e-01 
-1.6846e-01 
-9.2773e-02 
-5.1270e-02 
-5.3711e-02 
-1.0254e-01 
-7.0801e-02 
2.9297e-02 
5.3711e-02 
3.6621e-02 
4.8828e-03 
7.5684e-02 
1.4648e-01 
1.4648e-01 
1.3428e-01 
1.2207e-01 
1.6846e-01 
1.6602e-01 
1.5381e-01 
1.5381e-01 
1.6602e-01 
1.7090e-01 
9.7656e-02 
5.6152e-02 
5.6152e-02 
9.5215e-02 
6.1035e-02 
-4.1504e-02 
-6.5918e-02 
-4.3945e-02 
-7.3242e-03 
-7.5684e-02 
-1.4648e-01 
-1.4404e-01 
-1.3428e-01 
-1.2695e-01 
-1.7578e-01 
-1.7822e-01 
-1.6846e-01 
-1.6846e-01 
-1.7334e-01 
-1.6846e-01 
-9.5215e-02 
-5.1270e-02 
-5.1270e-02 
-1.0254e-01 
-7.0801e-02 
2.9297e-02 
5.3711e-02 
3.1738e-02 
2.4414e-03 
7.3242e-02 
1.4648e-01 
1.4893e-01 
1.3428e-01 
1.2207e-01 
1.6602e-01 
1.6602e-01 
1.5381e-01 
1.5381e-01 
1.6602e-01 
1.6846e-01 
9.5215e-02 
5.6152e-02 
5.6152e-02 
9.7656e-02 
6.1035e-02 
-4.3945e-02 
-6.5918e-02 
-4.1504e-02 
-7.3242e-03 
-7.3242e-02 
-1.4648e-01 
-1.4648e-01 
-1.3672e-01 
-1.2939e-01 
-1.7578e-01 
-1.7822e-01 
-1.6846e-01 
-1.6846e-01 
-1.7334e-01 
-1.6846e-01 
-9.2773e-02 
-5.3711e-02 
-5.3711e-02 
-1.0254e-01 
-7.0801e-02 
3.1738e-02 
5.3711e-02 
3.1738e-02 
0.0000e+00 
7.5684e-02 
1.4648e-01 
1.4404e-01 
1.3428e-01 
1.2451e-01 
1.6602e-01 
1.6602e-01 
1.5869e-01 
1.5381e-01 
1.6602e-01 
1.6602e-01 
9.7656e-02 
5.3711e-02 
5.6152e-02 
9.7656e-02 
6.1035e-02 
-4.1504e-02 
-6.5918e-02 
-4.1504e-02 
-4.8828e-03 
-7.5684e-02 
-1.4648e-01 
-1.4648e-01 
-1.3672e-01 
-1.2695e-01 
-1.8066e-01 
-1.7578e-01 
-1.6846e-01 
-1.6602e-01 
-1.7578e-01 
-1.6846e-01 
-9.5215e-02 
-5.1270e-02 
-5.3711e-02 
-1.0254e-01 
-7.0801e-02 
3.1738e-02 
5.1270e-02 
3.4180e-02 
2.4414e-03 
7.3242e-02 
1.4648e-01 
1.4648e-01 
1.3428e-01 
1.2207e-01 
1.6602e-01 
1.6846e-01 
1.5625e-01 
1.5381e-01 
1.6357e-01 
1.7090e-01 
9.5215e-02 
5.3711e-02 
5.3711e-02 
9.5215e-02 
5.8594e-02 
-4.3945e-02 
-6.5918e-02 
-4.3945e-02 
-4.8828e-03 
-7.5684e-02 
-1.4648e-01 
-1.4404e-01 
-1.3428e-01 
-1.2695e-01 
-1.7822e-01 
-1.7822e-01 
-1.6846e-01 
-1.6602e-01 
-1.7334e-01 
-1.6846e-01 
-9.2773e-02 
-5.3711e-02 
-5.3711e-02 
-1.0254e-01 
-7.3242e-02 
2.9297e-02 
5.3711e-02 
3.4180e-02 
4.8828e-03 
7.3242e-02 
1.4648e-01 
1.4648e-01 
1.3428e-01 
1.2451e-01 
1.6846e-01 
1.6602e-01 
1.5869e-01 
1.5381e-01 
1.6602e-01 
1.7090e-01 
9.5215e-02 
5.6152e-02 
5.3711e-02 
9.5215e-02 
5.8594e-02 
-4.3945e-02 
-6.5918e-02 
-4.1504e-02 
-7.3242e-03 
-7.3242e-02 
-1.4404e-01 
-1.4648e-01 
-1.3916e-01 
-1.2695e-01 
-1.7822e-01 
-1.7578e-01 
-1.6846e-01 
-1.6602e-01 
-1.7334e-01 
-1.6846e-01 
-9.5215e-02 
-5.1270e-02 
-5.1270e-02 
-1.0254e-01 
-7.0801e-02 
3.1738e-02 
5.3711e-02 
3.1738e-02 
2.4414e-03 
7.3242e-02 
1.4648e-01 
1.4648e-01 
1.3428e-01 
1.2207e-01 
1.6602e-01 
1.6602e-01 
1.5869e-01 
1.5381e-01 
1.6602e-01 
1.6846e-01 
9.2773e-02 
5.6152e-02 
5.6152e-02 
9.5215e-02 
5.8594e-02 
-4.3945e-02 
-6.5918e-02 
-4.1504e-02 
-7.3242e-03 
-7.5684e-02 
-1.4648e-01 
-1.4648e-01 
-1.3672e-01 
-1.2695e-01 
-1.7578e-01 
-1.7822e-01 
-1.6846e-01 
-1.6602e-01 
-1.7334e-01 
-1.6846e-01 
-9.5215e-02 
-5.3711e-02 
-5.3711e-02 
-1.0010e-01 
-7.0801e-02 
3.1738e-02 
5.3711e-02 
3.4180e-02 
2.4414e-03 
7.5684e-02 
1.4648e-01 
1.4648e-01 
1.3428e-01 
1.2451e-01 
1.6602e-01 
1.6602e-01 
1.5381e-01 
1.5381e-01 
1.6602e-01 
1.6846e-01 
9.5215e-02 
5.6152e-02 
5.6152e-02 
9.7656e-02 
5.8594e-02 
-4.1504e-02 
-6.5918e-02 
-4.1504e-02 
-4.8828e-03 
-7.3242e-02 
-1.4648e-01 
-1.4648e-01 
-1.3672e-01 
-1.2939e-01 
-1.7578e-01 
-1.7578e-01 
-1.6846e-01 
-1.6602e-01 
-1.7578e-01 
-1.7334e-01 
-9.5215e-02 
-5.1270e-02 
-5.1270e-02 
-1.0254e-01 
-7.0801e-02 
2.9297e-02 
5.3711e-02 
3.1738e-02 
4.8828e-03 
7.0801e-02 
1.4648e-01 
1.4160e-01 
1.3672e-01 
1.2451e-01 
1.6602e-01 
1.6602e-01 
1.5869e-01 
1.5381e-01 
1.6602e-01 
1.6602e-01 
9.5215e-02 
5.3711e-02 
5.3711e-02 
9.5215e-02 
6.1035e-02 
-4.3945e-02 
-6.3477e-02 
-4.1504e-02 
-4.8828e-03 
-7.5684e-02 
-1.4404e-01 
-1.4648e-01 
-1.3916e-01 
-1.2695e-01 
-1.7578e-01 
-1.7822e-01 
-1.6846e-01 
-1.6602e-01 
-1.7334e-01 
-1.6846e-01 
-9.2773e-02 
-5.3711e-02 
-5.3711e-02 
-1.0254e-01 
-6.8359e-02 
3.1738e-02 
5.3711e-02 
3.1738e-02 
2.4414e-03 
7.5684e-02 
1.4404e-01 
1.4648e-01 
1.3428e-01 
1.2207e-01 
1.6602e-01 
1.6602e-01 
1.5625e-01 
1.5381e-01 
1.6357e-01 
1.7090e-01 
9.2773e-02 
5.3711e-02 
5.6152e-02 
9.5215e-02 
6.1035e-02 
-4.3945e-02 
-6.8359e-02 
-4.3945e-02 
-7.3242e-03 
-7.3242e-02 
-1.4648e-01 
-1.4404e-01 
-1.3672e-01 
-1.2939e-01 
-1.7578e-01 
-1.7822e-01 
-1.7090e-01 
-1.6846e-01 
-1.7334e-01 
-1.7090e-01 
-9.5215e-02 
-5.1270e-02 
-5.1270e-02 
-1.0254e-01 
-7.0801e-02 
2.9297e-02 
5.6152e-02 
3.4180e-02 
2.4414e-03 
7.5684e-02 
1.4648e-01 
1.4648e-01 
1.3428e-01 
1.2207e-01 
1.6602e-01 
1.6602e-01 
1.5625e-01 
1.5381e-01 
1.6357e-01 
1.7090e-01 
9.7656e-02 
5.3711e-02 
5.3711e-02 
9.5215e-02 
5.8594e-02 
-4.3945e-02 
-6.5918e-02 
-4.1504e-02 
-7.3242e-03 
-7.5684e-02 
-1.4648e-01 
-1.4404e-01 
-1.3672e-01 
-1.2939e-01 
-1.7578e-01 
-1.7822e-01 
-1.6846e-01 
-1.6846e-01 
-1.7578e-01 
-1.7090e-01 
-9.2773e-02 
-5.3711e-02 
-5.3711e-02 
-1.0254e-01 
-7.0801e-02 
2.9297e-02 
5.3711e-02 
3.4180e-02 
2.4414e-03 
7.3242e-02 
1.4648e-01 
1.4648e-01 
1.3428e-01 
1.2207e-01 
1.6846e-01 
1.6602e-01 
1.5381e-01 
1.5381e-01 
1.6357e-01 
1.7090e-01 
9.5215e-02 
5.3711e-02 
5.6152e-02 
9.7656e-02 
5.8594e-02 
-4.6387e-02 
-6.3477e-02 
-4.1504e-02 
-4.8828e-03 
-7.5684e-02 
-1.4893e-01 
-1.4648e-01 
-1.3672e-01 
-1.2939e-01 
-1.7578e-01 
-1.7822e-01 
-1.6602e-01 
-1.6602e-01 
-1.7578e-01 
-1.6846e-01 
-9.5215e-02 
-5.1270e-02 
-5.6152e-02 
-1.0010e-01 
-7.0801e-02 
3.1738e-02 
5.3711e-02 
3.4180e-02 
2.4414e-03 
7.3242e-02 
1.4648e-01 
1.4648e-01 
1.3672e-01 
1.2207e-01 
1.6846e-01 
1.6357e-01 
1.5625e-01 
1.5625e-01 
1.6602e-01 
1.6846e-01 
9.5215e-02 
5.6152e-02 
5.6152e-02 
9.5215e-02 
5.8594e-02 
-4.3945e-02 
-6.5918e-02 
-4.1504e-02 
-7.3242e-03 
-7.5684e-02 
-1.4648e-01 
-1.4648e-01 
-1.3672e-01 
-1.2695e-01 
-1.7578e-01 
-1.7822e-01 
-1.6846e-01 
-1.6602e-01 
-1.7334e-01 
-1.6846e-01 
-9.7656e-02 
-5.3711e-02 
-5.6152e-02 
-1.0010e-01 
-7.3242e-02 
3.1738e-02 
5.3711e-02 
3.4180e-02 
4.8828e-03 
7.3242e-02 
1.4648e-01 
1.4648e-01 
1.3428e-01 
1.2451e-01 
1.6602e-01 
1.6602e-01 
1.5381e-01 
1.5381e-01 
1.6357e-01 
1.6846e-01 
9.5215e-02 
5.3711e-02 
5.6152e-02 
9.7656e-02 
5.8594e-02 
-4.6387e-02 
-6.8359e-02 
-4.1504e-02 
-7.3242e-03 
-7.5684e-02 
-1.4893e-01 
-1.4648e-01 
-1.3672e-01 
-1.2695e-01 
-1.7578e-01 
-1.7822e-01 
-1.6846e-01 
-1.6846e-01 
-1.7334e-01 
-1.7090e-01 
-9.5215e-02 
-5.1270e-02 
-5.3711e-02 
-1.0010e-01 
-6.8359e-02 
2.9297e-02 
5.3711e-02 
3.1738e-02 
2.4414e-03 
7.3242e-02 
1.4404e-01 
1.4648e-01 
1.3672e-01 
1.2451e-01 
1.6846e-01 
1.6602e-01 
1.5381e-01 
1.5381e-01 
1.6357e-01 
1.6846e-01 
9.5215e-02 
5.3711e-02 
5.6152e-02 
9.5215e-02 
5.8594e-02 
-4.3945e-02 
-6.5918e-02 
-3.9062e-02 
-7.3242e-03 
-7.3242e-02 
-1.4648e-01 
-1.4404e-01 
-1.3672e-01 
-1.2939e-01 
-1.7578e-01 
-1.7578e-01 
-1.6846e-01 
-1.6357e-01 
-1.7334e-01 
-1.7090e-01 
-9.5215e-02 
-5.1270e-02 
-5.3711e-02 
-1.0010e-01 
-6.8359e-02 
2.6855e-02 
5.3711e-02 
3.4180e-02 
2.4414e-03 
7.3242e-02 
1.4648e-01 
1.4404e-01 
1.3428e-01 
1.2207e-01 
1.6602e-01 
1.6602e-01 
1.5625e-01 
1.5381e-01 
1.6357e-01 
1.7090e-01 
9.2773e-02 
5.3711e-02 
5.3711e-02 
9.7656e-02 
5.8594e-02 
-4.1504e-02 
-6.3477e-02 
-4.3945e-02 
-4.8828e-03 
-7.3242e-02 
-1.4893e-01 
-1.4404e-01 
-1.3428e-01 
-1.2939e-01 
-1.7578e-01 
-1.7822e-01 
-1.6602e-01 
-1.6602e-01 
-1.7578e-01 
-1.7090e-01 
-9.5215e-02 
-5.1270e-02 
-5.3711e-02 
-1.0010e-01 
-7.0801e-02 
3.1738e-02 
5.3711e-02 
3.4180e-02 
4.8828e-03 
7.3242e-02 
1.4893e-01 
1.4893e-01 
1.3672e-01 
1.2451e-01 
1.6602e-01 
1.6846e-01 
1.5869e-01 
1.5381e-01 
1.6113e-01 
1.7090e-01 
9.7656e-02 
5.3711e-02 
5.6152e-02 
1.0010e-01 
5.8594e-02 
-4.1504e-02 
-6.3477e-02 
-4.1504e-02 
-9.7656e-03 
-7.5684e-02 
-1.4648e-01 
-1.4404e-01 
-1.3672e-01 
-1.2939e-01 
-1.7578e-01 
-1.7578e-01 
-1.6846e-01 
-1.6602e-01 
-1.7334e-01 
-1.6846e-01 
-9.5215e-02 
-4.8828e-02 
-5.3711e-02 
-1.0010e-01 
-7.0801e-02 
2.9297e-02 
5.1270e-02 
3.4180e-02 
2.4414e-03 
7.5684e-02 
1.4648e-01 
1.4648e-01 
1.3428e-01 
1.2451e-01 
1.6602e-01 
1.6846e-01 
1.5625e-01 
1.5381e-01 
1.6357e-01 
1.7090e-01 
9.5215e-02 
5.3711e-02 
5.3711e-02 
9.7656e-02 
6.1035e-02 
-4.3945e-02 
-6.3477e-02 
-4.1504e-02 
-7.3242e-03 
-7.5684e-02 
-1.4404e-01 
-1.4404e-01 
-1.3672e-01 
-1.2695e-01 
-1.7578e-01 
-1.7822e-01 
-1.6846e-01 
-1.6357e-01 
-1.7334e-01 
-1.6846e-01 
-9.5215e-02 
-5.1270e-02 
-5.3711e-02 
-1.0254e-01 
-7.0801e-02 
3.1738e-02 
5.3711e-02 
3.4180e-02 
2.4414e-03 
7.3242e-02 
1.4893e-01 
1.4648e-01 
1.3672e-01 
1.2207e-01 
1.6602e-01 
1.6846e-01 
1.5869e-01 
1.5137e-01 
1.6357e-01 
1.6846e-01 
9.5215e-02 
5.3711e-02 
5.6152e-02 
9.5215e-02 
5.8594e-02 
-4.1504e-02 
-6.8359e-02 
-4.1504e-02 
-4.8828e-03 
-7.3242e-02 
-1.4893e-01 
-1.4648e-01 
-1.3672e-01 
-1.2695e-01 
-1.7578e-01 
-1.7822e-01 
-1.6846e-01 
-1.6602e-01 
-1.7334e-01 
-1.7090e-01 
-9.5215e-02 
-5.1270e-02 
-5.6152e-02 
-1.0010e-01 
-7.0801e-02 
3.1738e-02 
5.1270e-02 
3.6621e-02 
4.8828e-03 
7.3242e-02 
1.4648e-01 
1.4648e-01 
1.3428e-01 
1.2207e-01 
1.6357e-01 
1.6846e-01 
1.5625e-01 
1.5381e-01 
1.6113e-01 
1.6846e-01 
9.5215e-02 
5.3711e-02 
5.6152e-02 
9.5215e-02 
6.1035e-02 
-4.3945e-02 
-6.5918e-02 
-4.1504e-02 
-7.3242e-03 
-7.3242e-02 
-1.4648e-01 
-1.4404e-01 
-1.3672e-01 
-1.2695e-01 
-1.7822e-01 
-1.7822e-01 
-1.6602e-01 
-1.6846e-01 
-1.7334e-01 
-1.6846e-01 
-9.5215e-02 
-5.1270e-02 
-5.3711e-02 
-1.0010e-01 
-7.0801e-02 
3.1738e-02 
5.3711e-02 
3.4180e-02 
2.4414e-03 
7.3242e-02 
1.4648e-01 
1.4648e-01 
1.3672e-01 
1.2207e-01 
1.6602e-01 
1.6602e-01 
1.5625e-01 
1.5381e-01 
1.6357e-01 
1.6846e-01 
9.7656e-02 
5.3711e-02 
5.6152e-02 
9.5215e-02 
6.1035e-02 
-4.3945e-02 
-6.5918e-02 
-4.1504e-02 
-7.3242e-03 
-7.5684e-02 
-1.4648e-01 
-1.4404e-01 
-1.3428e-01 
-1.2939e-01 
-1.7578e-01 
-1.7822e-01 
-1.6846e-01 
-1.6846e-01 
-1.7334e-01 
-1.6846e-01 
-9.5215e-02 
-5.3711e-02 
-5.3711e-02 
-1.0010e-01 
-7.0801e-02 
2.9297e-02 
5.1270e-02 
3.4180e-02 
2.4414e-03 
7.3242e-02 
1.4648e-01 
1.4893e-01 
1.3672e-01 
1.2207e-01 
1.6602e-01 
1.6357e-01 
1.5625e-01 
1.5381e-01 
1.6602e-01 
1.6846e-01 
9.5215e-02 
5.3711e-02 
5.3711e-02 
9.5215e-02 
6.1035e-02 
-4.1504e-02 
-6.5918e-02 
-4.1504e-02 
-4.8828e-03 
-7.5684e-02 
-1.4648e-01 
-1.4404e-01 
-1.3428e-01 
-1.2939e-01 
-1.7578e-01 
-1.7822e-01 
-1.6602e-01 
-1.6602e-01 
-1.7578e-01 
-1.6846e-01 
-9.5215e-02 
-5.3711e-02 
-5.1270e-02 
-1.0254e-01 
-7.0801e-02 
3.1738e-02 
5.3711e-02 
3.1738e-02 
2.4414e-03 
7.3242e-02 
1.4648e-01 
1.4404e-01 
1.3672e-01 
1.2207e-01 
1.6602e-01 
1.6602e-01 
1.5381e-01 
1.5381e-01 
1.6357e-01 
1.6846e-01 
9.7656e-02 
5.3711e-02 
5.6152e-02 
9.5215e-02 
6.1035e-02 
-4.3945e-02 
-6.5918e-02 
-4.1504e-02 
-7.3242e-03 
-7.5684e-02 
-1.4893e-01 
-1.4648e-01 
-1.3428e-01 
-1.2695e-01 
-1.7578e-01 
-1.8066e-01 
-1.6846e-01 
-1.6846e-01 
-1.7578e-01 
-1.7090e-01 
-9.2773e-02 
-5.3711e-02 
-5.3711e-02 
-1.0254e-01 
-7.0801e-02 
3.1738e-02 
5.3711e-02 
3.6621e-02 
4.8828e-03 
7.3242e-02 
1.4648e-01 
1.4648e-01 
1.3428e-01 
1.2207e-01 
1.6602e-01 
1.6357e-01 
1.5625e-01 
1.5381e-01 
1.6602e-01 
1.6846e-01 
9.7656e-02 
5.3711e-02 
5.3711e-02 
9.7656e-02 
5.8594e-02 
-4.3945e-02 
-6.5918e-02 
-4.1504e-02 
-7.3242e-03 
-7.5684e-02 
-1.4648e-01 
-1.4404e-01 
-1.3672e-01 
-1.2695e-01 
-1.7578e-01 
-1.7822e-01 
-1.6846e-01 
-1.6846e-01 
-1.7090e-01 
-1.7090e-01 
-9.5215e-02 
-5.1270e-02 
-5.1270e-02 
-1.0254e-01 
-7.0801e-02 
3.1738e-02 
5.1270e-02 
3.4180e-02 
4.8828e-03 
7.3242e-02 
1.4893e-01 
1.4648e-01 
1.3428e-01 
1.2207e-01 
1.6602e-01 
1.6602e-01 
